19.648
1.127
16.694
3.497
9.809
28.403
19.964
27.957
3.308
15.207
29.118
0.310
8.099
75.689
11.130
2.158
13.236
12.332
191.800
23.480
25.819
6.977
7.704
0.938
31.519
11.251
6.084
17.487
8.719
22.398
7.518
34.845
16.451
6.718
14.086
6.707
1.802
7.578
6.453
3.018
8.096
15.116
17.205
65.868
8.490
10.299
41.246
14.131
25.204
7.588
8.709
7.450
64.504
43.996
12.780
4.468
3.855
23.192
13.178
22.312
3.817
45.803
27.722
1.496
58.637
23.316
8.908
46.173
23.824
4.300
47.944
19.092
9.453
2.500
15.708
7.744
8.395
18.274
6.712
5.951
2.022
13.743
59.491
12.615
1.387
18.003
9.613
52.176
12.516
3.303
14.967
3.737
10.455
34.025
21.290
23.885
28.926
23.313
8.659
10.935
